4 3 1 2 -1 -1
7 6 5 0 -1 -1
10 9 0 8 -1 -1
0 13 11 12 -1 -1
13 0 14 15 -1 -1
17 16 -1 1 -1 -1
1 20 18 19 -1 -1
20 1 21 22 -1 -1
25 24 2 23 -1 -1
2 28 26 27 -1 -1
28 2 29 30 -1 -1
33 32 31 3 -1 -1
35 34 3 -1 -1 -1
3 4 28 20 -1 -1
34 35 -1 4 -1 -1
32 33 4 36 -1 -1
5 39 37 38 -1 -1
39 5 40 41 -1 -1
44 43 42 6 -1 -1
46 45 6 -1 -1 -1
6 7 13 39 -1 -1
45 46 -1 7 -1 -1
43 44 7 47 -1 -1
49 48 8 -1 -1 -1
8 52 50 51 -1 -1
52 8 53 54 -1 -1
57 56 55 9 -1 -1
59 58 9 -1 -1 -1
9 10 52 13 -1 -1
58 59 -1 10 -1 -1
56 57 10 60 -1 -1
62 61 -1 11 -1 -1
11 15 56 43 -1 -1
15 11 44 57 -1 -1
12 14 58 45 -1 -1
14 12 46 59 -1 -1
61 62 15 -1 -1 -1
65 64 63 16 -1 -1
67 66 16 -1 -1 -1
16 17 20 -1 -1 -1
66 67 -1 17 -1 -1
64 65 17 68 -1 -1
70 69 -1 18 -1 -1
18 22 32 64 -1 -1
22 18 65 33 -1 -1
19 21 34 66 -1 -1
21 19 67 35 -1 -1
69 70 22 -1 -1 -1
23 73 71 72 -1 -1
73 23 74 75 -1 -1
78 77 76 24 -1 -1
80 79 24 -1 -1 -1
24 25 73 28 -1 -1
79 80 -1 25 -1 -1
77 78 25 81 -1 -1
83 82 -1 26 -1 -1
26 30 77 32 -1 -1
30 26 33 78 -1 -1
27 29 79 34 -1 -1
29 27 35 80 -1 -1
82 83 30 -1 -1 -1
31 36 82 69 -1 -1
36 31 70 83 -1 -1
85 84 -1 37 -1 -1
37 41 43 -1 -1 -1
41 37 -1 44 -1 -1
38 40 45 -1 -1 -1
40 38 -1 46 -1 -1
84 85 41 -1 -1 -1
42 47 61 84 -1 -1
47 42 85 62 -1 -1
88 87 86 48 -1 -1
90 89 48 -1 -1 -1
48 49 -1 52 -1 -1
89 90 -1 49 -1 -1
87 88 49 91 -1 -1
93 92 -1 50 -1 -1
50 54 87 56 -1 -1
54 50 57 88 -1 -1
51 53 89 58 -1 -1
53 51 59 90 -1 -1
92 93 54 -1 -1 -1
55 60 92 61 -1 -1
60 55 62 93 -1 -1
63 68 69 -1 -1 -1
68 63 -1 70 -1 -1
95 94 -1 71 -1 -1
71 75 -1 77 -1 -1
75 71 78 -1 -1 -1
72 74 -1 79 -1 -1
74 72 80 -1 -1 -1
94 95 75 -1 -1 -1
76 81 94 82 -1 -1
81 76 83 95 -1 -1
86 91 -1 92 -1 -1
91 86 93 -1 -1 -1
