000000000001001100010000
000000000000000100110001
000000010011000100000000
011111110111001000000000
000000000000001001111111
000000000000000000010011
000001111111011100100000
000000000000000000100111
000100110001000000000000
111101110010000000000000
000000000010011111110111
111011111110010000000000
001101110011000100000000
000010001100111011001000
000000000000000100110111
000000000000010011101111
000000000111111101110010
000000000000000000000010
000011101111111001000000
000000110111001100010000
000000001000110011101100
000000000000000000010011
000000000000000001001110
001100010000000000000000
011100100000000000000000
000000100111111101110000
111111100100000000000000
011100110001000000000000
100011001110110010000000
000000000001001101110011
000000000100111011111110
110011101100100000000000
000000001000110010000000
000000010011011100110001
000001001110111111100100
000000000000000100000000
000000000000100011001110
000000001110111111100100
000000000011011100110001
000000000000100011001110
000000000000000000000001
000000000000000000000100
000011001110110010000000
000000000000100011001000
000000000001001101110011
000000000100111011111110
000000000000000000010000
000000000000000010001100
001000000000000000000000
001001111111011100000000
111001000000000000000000
001100010000000000000000
110011101100100000000000
000000010011011100110000
000001001110111111100000
111011001000000000000000
000010001100100000000000
000100110111001100010000
010011101111111001000000
000000000001000000000000
000000001000110011101100
000000000000100000000000
000000100111111101110010
000000001100111011001000
000000000000000010001100
000000000000000100110111
000000000000010011101111
000000000000000000000001
000000000000000000001000
000000000000000010000000
000000000010011111110111
010000000000000000000000
000100000000000000000000
111011001000000000000000
000100110111001100000000
010011101111111000000000
110010000000000000000000
100011001000000000000000
001101110011000100000000
111011111110010000000000
000000010000000000000000
000010001100111011000000
000000001000000000000000
001001111111011100100000
000000000000000000001000
000000000000001001111111
100000000000000000000000
110010000000000000000000
011100110001000000000000
111111100100000000000000
000100000000000000000000
100011001110110000000000
000010000000000000000000
011111110111001000000000
100000000000000000000000
111101110010000000000000
