4 3 1 2
7 6 5 0
10 9 0 8
0 13 11 12
13 0 14 15
17 16 -1 1
1 20 18 19
20 1 21 22
25 24 2 23
2 28 26 27
28 2 29 30
33 32 31 3
35 34 3 -1
3 4 28 20
34 35 -1 4
32 33 4 36
5 39 37 38
39 5 40 41
44 43 42 6
46 45 6 -1
6 7 13 39
45 46 -1 7
43 44 7 47
49 48 8 -1
8 52 50 51
52 8 53 54
57 56 55 9
59 58 9 -1
9 10 52 13
58 59 -1 10
56 57 10 60
62 61 -1 11
11 15 56 43
15 11 44 57
12 14 58 45
14 12 46 59
61 62 15 -1
65 64 63 16
67 66 16 -1
16 17 20 -1
66 67 -1 17
64 65 17 68
70 69 -1 18
18 22 32 64
22 18 65 33
19 21 34 66
21 19 67 35
69 70 22 -1
23 73 71 72
73 23 74 75
78 77 76 24
80 79 24 -1
24 25 73 28
79 80 -1 25
77 78 25 81
83 82 -1 26
26 30 77 32
30 26 33 78
27 29 79 34
29 27 35 80
82 83 30 -1
31 36 82 69
36 31 70 83
85 84 -1 37
37 41 43 -1
41 37 -1 44
38 40 45 -1
40 38 -1 46
84 85 41 -1
42 47 61 84
47 42 85 62
88 87 86 48
90 89 48 -1
48 49 -1 52
89 90 -1 49
87 88 49 91
93 92 -1 50
50 54 87 56
54 50 57 88
51 53 89 58
53 51 59 90
92 93 54 -1
55 60 92 61
60 55 62 93
63 68 69 -1
68 63 -1 70
95 94 -1 71
71 75 -1 77
75 71 78 -1
72 74 -1 79
74 72 80 -1
94 95 75 -1
76 81 94 82
81 76 83 95
86 91 -1 92
91 86 93 -1
