0.000257 0.001150 0.001896 0.001150 0.003126 0.014010 0.023099 0.014010 0.014010 0.062790 0.103523 0.062790 0.023099 0.103523 0.170681 0.103523 0.014010 0.062790 0.103523 0.062790 0.003126 0.014010 0.023099 0.014010
0.000008 0.000037 0.000061 0.000037 0.000271 0.001216 0.002005 0.001216 0.003305 0.014812 0.024421 0.014812 0.014812 0.066382 0.109446 0.066382 0.024421 0.109446 0.180445 0.109446 0.014812 0.066382 0.109446 0.066382
0.003126 0.014010 0.023099 0.014010 0.014010 0.062790 0.103523 0.062790 0.023099 0.103523 0.170681 0.103523 0.014010 0.062790 0.103523 0.062790 0.003126 0.014010 0.023099 0.014010 0.000257 0.001150 0.001896 0.001150
0.000257 0.001150 0.001896 0.001150 0.003126 0.014010 0.023099 0.014010 0.014010 0.062790 0.103523 0.062790 0.023099 0.103523 0.170681 0.103523 0.014010 0.062790 0.103523 0.062790 0.003126 0.014010 0.023099 0.014010
0.000257 0.001150 0.001896 0.001150 0.003126 0.014010 0.023099 0.014010 0.014010 0.062790 0.103523 0.062790 0.023099 0.103523 0.170681 0.103523 0.014010 0.062790 0.103523 0.062790 0.003126 0.014010 0.023099 0.014010
0.000000 0.000001 0.000001 0.000001 0.000011 0.000049 0.000081 0.000049 0.000365 0.001636 0.002698 0.001636 0.004448 0.019936 0.032868 0.019936 0.019936 0.089346 0.147306 0.089346 0.032868 0.147306 0.242867 0.147306
0.000008 0.000037 0.000061 0.000037 0.000271 0.001216 0.002005 0.001216 0.003305 0.014812 0.024421 0.014812 0.014812 0.066382 0.109446 0.066382 0.024421 0.109446 0.180445 0.109446 0.014812 0.066382 0.109446 0.066382
0.000008 0.000037 0.000061 0.000037 0.000271 0.001216 0.002005 0.001216 0.003305 0.014812 0.024421 0.014812 0.014812 0.066382 0.109446 0.066382 0.024421 0.109446 0.180445 0.109446 0.014812 0.066382 0.109446 0.066382
0.014812 0.066382 0.109446 0.066382 0.024421 0.109446 0.180445 0.109446 0.014812 0.066382 0.109446 0.066382 0.003305 0.014812 0.024421 0.014812 0.000271 0.001216 0.002005 0.001216 0.000008 0.000037 0.000061 0.000037
0.003126 0.014010 0.023099 0.014010 0.014010 0.062790 0.103523 0.062790 0.023099 0.103523 0.170681 0.103523 0.014010 0.062790 0.103523 0.062790 0.003126 0.014010 0.023099 0.014010 0.000257 0.001150 0.001896 0.001150
0.003126 0.014010 0.023099 0.014010 0.014010 0.062790 0.103523 0.062790 0.023099 0.103523 0.170681 0.103523 0.014010 0.062790 0.103523 0.062790 0.003126 0.014010 0.023099 0.014010 0.000257 0.001150 0.001896 0.001150
0.001150 0.001896 0.001150 0.000257 0.014010 0.023099 0.014010 0.003126 0.062790 0.103523 0.062790 0.014010 0.103523 0.170681 0.103523 0.023099 0.062790 0.103523 0.062790 0.014010 0.014010 0.023099 0.014010 0.003126
0.000028 0.000344 0.001541 0.002540 0.000344 0.004188 0.018769 0.030945 0.001541 0.018769 0.084118 0.138687 0.002540 0.030945 0.138687 0.228655 0.001541 0.018769 0.084118 0.138687 0.000344 0.004188 0.018769 0.030945
0.000257 0.001150 0.001896 0.001150 0.003126 0.014010 0.023099 0.014010 0.014010 0.062790 0.103523 0.062790 0.023099 0.103523 0.170681 0.103523 0.014010 0.062790 0.103523 0.062790 0.003126 0.014010 0.023099 0.014010
0.000028 0.000344 0.001541 0.002540 0.000344 0.004188 0.018769 0.030945 0.001541 0.018769 0.084118 0.138687 0.002540 0.030945 0.138687 0.228655 0.001541 0.018769 0.084118 0.138687 0.000344 0.004188 0.018769 0.030945
0.001150 0.001896 0.001150 0.000257 0.014010 0.023099 0.014010 0.003126 0.062790 0.103523 0.062790 0.014010 0.103523 0.170681 0.103523 0.023099 0.062790 0.103523 0.062790 0.014010 0.014010 0.023099 0.014010 0.003126
0.000000 0.000001 0.000001 0.000001 0.000011 0.000049 0.000081 0.000049 0.000365 0.001636 0.002698 0.001636 0.004448 0.019936 0.032868 0.019936 0.019936 0.089346 0.147306 0.089346 0.032868 0.147306 0.242867 0.147306
0.000000 0.000001 0.000001 0.000001 0.000011 0.000049 0.000081 0.000049 0.000365 0.001636 0.002698 0.001636 0.004448 0.019936 0.032868 0.019936 0.019936 0.089346 0.147306 0.089346 0.032868 0.147306 0.242867 0.147306
0.000037 0.000061 0.000037 0.000008 0.001216 0.002005 0.001216 0.000271 0.014812 0.024421 0.014812 0.003305 0.066382 0.109446 0.066382 0.014812 0.109446 0.180445 0.109446 0.024421 0.066382 0.109446 0.066382 0.014812
0.000001 0.000011 0.000049 0.000081 0.000030 0.000363 0.001629 0.002685 0.000363 0.004428 0.019843 0.032715 0.001629 0.019843 0.088930 0.146620 0.002685 0.032715 0.146620 0.241736 0.001629 0.019843 0.088930 0.146620
0.000008 0.000037 0.000061 0.000037 0.000271 0.001216 0.002005 0.001216 0.003305 0.014812 0.024421 0.014812 0.014812 0.066382 0.109446 0.066382 0.024421 0.109446 0.180445 0.109446 0.014812 0.066382 0.109446 0.066382
0.000001 0.000011 0.000049 0.000081 0.000030 0.000363 0.001629 0.002685 0.000363 0.004428 0.019843 0.032715 0.001629 0.019843 0.088930 0.146620 0.002685 0.032715 0.146620 0.241736 0.001629 0.019843 0.088930 0.146620
0.000037 0.000061 0.000037 0.000008 0.001216 0.002005 0.001216 0.000271 0.014812 0.024421 0.014812 0.003305 0.066382 0.109446 0.066382 0.014812 0.109446 0.180445 0.109446 0.024421 0.066382 0.109446 0.066382 0.014812
0.032868 0.147306 0.242867 0.147306 0.019936 0.089346 0.147306 0.089346 0.004448 0.019936 0.032868 0.019936 0.000365 0.001636 0.002698 0.001636 0.000011 0.000049 0.000081 0.000049 0.000000 0.000001 0.000001 0.000001
0.014812 0.066382 0.109446 0.066382 0.024421 0.109446 0.180445 0.109446 0.014812 0.066382 0.109446 0.066382 0.003305 0.014812 0.024421 0.014812 0.000271 0.001216 0.002005 0.001216 0.000008 0.000037 0.000061 0.000037
0.014812 0.066382 0.109446 0.066382 0.024421 0.109446 0.180445 0.109446 0.014812 0.066382 0.109446 0.066382 0.003305 0.014812 0.024421 0.014812 0.000271 0.001216 0.002005 0.001216 0.000008 0.000037 0.000061 0.000037
0.014010 0.023099 0.014010 0.003126 0.062790 0.103523 0.062790 0.014010 0.103523 0.170681 0.103523 0.023099 0.062790 0.103523 0.062790 0.014010 0.014010 0.023099 0.014010 0.003126 0.001150 0.001896 0.001150 0.000257
0.000344 0.004188 0.018769 0.030945 0.001541 0.018769 0.084118 0.138687 0.002540 0.030945 0.138687 0.228655 0.001541 0.018769 0.084118 0.138687 0.000344 0.004188 0.018769 0.030945 0.000028 0.000344 0.001541 0.002540
0.003126 0.014010 0.023099 0.014010 0.014010 0.062790 0.103523 0.062790 0.023099 0.103523 0.170681 0.103523 0.014010 0.062790 0.103523 0.062790 0.003126 0.014010 0.023099 0.014010 0.000257 0.001150 0.001896 0.001150
0.000344 0.004188 0.018769 0.030945 0.001541 0.018769 0.084118 0.138687 0.002540 0.030945 0.138687 0.228655 0.001541 0.018769 0.084118 0.138687 0.000344 0.004188 0.018769 0.030945 0.000028 0.000344 0.001541 0.002540
0.014010 0.023099 0.014010 0.003126 0.062790 0.103523 0.062790 0.014010 0.103523 0.170681 0.103523 0.023099 0.062790 0.103523 0.062790 0.014010 0.014010 0.023099 0.014010 0.003126 0.001150 0.001896 0.001150 0.000257
0.002540 0.001541 0.000344 0.000028 0.030945 0.018769 0.004188 0.000344 0.138687 0.084118 0.018769 0.001541 0.228655 0.138687 0.030945 0.002540 0.138687 0.084118 0.018769 0.001541 0.030945 0.018769 0.004188 0.000344
0.001150 0.001896 0.001150 0.000257 0.014010 0.023099 0.014010 0.003126 0.062790 0.103523 0.062790 0.014010 0.103523 0.170681 0.103523 0.023099 0.062790 0.103523 0.062790 0.014010 0.014010 0.023099 0.014010 0.003126
0.001150 0.001896 0.001150 0.000257 0.014010 0.023099 0.014010 0.003126 0.062790 0.103523 0.062790 0.014010 0.103523 0.170681 0.103523 0.023099 0.062790 0.103523 0.062790 0.014010 0.014010 0.023099 0.014010 0.003126
0.000028 0.000344 0.001541 0.002540 0.000344 0.004188 0.018769 0.030945 0.001541 0.018769 0.084118 0.138687 0.002540 0.030945 0.138687 0.228655 0.001541 0.018769 0.084118 0.138687 0.000344 0.004188 0.018769 0.030945
0.000028 0.000344 0.001541 0.002540 0.000344 0.004188 0.018769 0.030945 0.001541 0.018769 0.084118 0.138687 0.002540 0.030945 0.138687 0.228655 0.001541 0.018769 0.084118 0.138687 0.000344 0.004188 0.018769 0.030945
0.002540 0.001541 0.000344 0.000028 0.030945 0.018769 0.004188 0.000344 0.138687 0.084118 0.018769 0.001541 0.228655 0.138687 0.030945 0.002540 0.138687 0.084118 0.018769 0.001541 0.030945 0.018769 0.004188 0.000344
0.000001 0.000001 0.000001 0.000000 0.000049 0.000081 0.000049 0.000011 0.001636 0.002698 0.001636 0.000365 0.019936 0.032868 0.019936 0.004448 0.089346 0.147306 0.089346 0.019936 0.147306 0.242867 0.147306 0.032868
0.000000 0.000000 0.000001 0.000001 0.000001 0.000015 0.000066 0.000109 0.000040 0.000489 0.002192 0.003614 0.000489 0.005959 0.026707 0.044033 0.002192 0.026707 0.119693 0.197341 0.003614 0.044033 0.197341 0.325360
0.000000 0.000001 0.000001 0.000001 0.000011 0.000049 0.000081 0.000049 0.000365 0.001636 0.002698 0.001636 0.004448 0.019936 0.032868 0.019936 0.019936 0.089346 0.147306 0.089346 0.032868 0.147306 0.242867 0.147306
0.000000 0.000000 0.000001 0.000001 0.000001 0.000015 0.000066 0.000109 0.000040 0.000489 0.002192 0.003614 0.000489 0.005959 0.026707 0.044033 0.002192 0.026707 0.119693 0.197341 0.003614 0.044033 0.197341 0.325360
0.000001 0.000001 0.000001 0.000000 0.000049 0.000081 0.000049 0.000011 0.001636 0.002698 0.001636 0.000365 0.019936 0.032868 0.019936 0.004448 0.089346 0.147306 0.089346 0.019936 0.147306 0.242867 0.147306 0.032868
0.000081 0.000049 0.000011 0.000001 0.002685 0.001629 0.000363 0.000030 0.032715 0.019843 0.004428 0.000363 0.146620 0.088930 0.019843 0.001629 0.241736 0.146620 0.032715 0.002685 0.146620 0.088930 0.019843 0.001629
0.000037 0.000061 0.000037 0.000008 0.001216 0.002005 0.001216 0.000271 0.014812 0.024421 0.014812 0.003305 0.066382 0.109446 0.066382 0.014812 0.109446 0.180445 0.109446 0.024421 0.066382 0.109446 0.066382 0.014812
0.000037 0.000061 0.000037 0.000008 0.001216 0.002005 0.001216 0.000271 0.014812 0.024421 0.014812 0.003305 0.066382 0.109446 0.066382 0.014812 0.109446 0.180445 0.109446 0.024421 0.066382 0.109446 0.066382 0.014812
0.000001 0.000011 0.000049 0.000081 0.000030 0.000363 0.001629 0.002685 0.000363 0.004428 0.019843 0.032715 0.001629 0.019843 0.088930 0.146620 0.002685 0.032715 0.146620 0.241736 0.001629 0.019843 0.088930 0.146620
0.000001 0.000011 0.000049 0.000081 0.000030 0.000363 0.001629 0.002685 0.000363 0.004428 0.019843 0.032715 0.001629 0.019843 0.088930 0.146620 0.002685 0.032715 0.146620 0.241736 0.001629 0.019843 0.088930 0.146620
0.000081 0.000049 0.000011 0.000001 0.002685 0.001629 0.000363 0.000030 0.032715 0.019843 0.004428 0.000363 0.146620 0.088930 0.019843 0.001629 0.241736 0.146620 0.032715 0.002685 0.146620 0.088930 0.019843 0.001629
0.032868 0.147306 0.242867 0.147306 0.019936 0.089346 0.147306 0.089346 0.004448 0.019936 0.032868 0.019936 0.000365 0.001636 0.002698 0.001636 0.000011 0.000049 0.000081 0.000049 0.000000 0.000001 0.000001 0.000001
0.032868 0.147306 0.242867 0.147306 0.019936 0.089346 0.147306 0.089346 0.004448 0.019936 0.032868 0.019936 0.000365 0.001636 0.002698 0.001636 0.000011 0.000049 0.000081 0.000049 0.000000 0.000001 0.000001 0.000001
0.066382 0.109446 0.066382 0.014812 0.109446 0.180445 0.109446 0.024421 0.066382 0.109446 0.066382 0.014812 0.014812 0.024421 0.014812 0.003305 0.001216 0.002005 0.001216 0.000271 0.000037 0.000061 0.000037 0.000008
0.001629 0.019843 0.088930 0.146620 0.002685 0.032715 0.146620 0.241736 0.001629 0.019843 0.088930 0.146620 0.000363 0.004428 0.019843 0.032715 0.000030 0.000363 0.001629 0.002685 0.000001 0.000011 0.000049 0.000081
0.014812 0.066382 0.109446 0.066382 0.024421 0.109446 0.180445 0.109446 0.014812 0.066382 0.109446 0.066382 0.003305 0.014812 0.024421 0.014812 0.000271 0.001216 0.002005 0.001216 0.000008 0.000037 0.000061 0.000037
0.001629 0.019843 0.088930 0.146620 0.002685 0.032715 0.146620 0.241736 0.001629 0.019843 0.088930 0.146620 0.000363 0.004428 0.019843 0.032715 0.000030 0.000363 0.001629 0.002685 0.000001 0.000011 0.000049 0.000081
0.066382 0.109446 0.066382 0.014812 0.109446 0.180445 0.109446 0.024421 0.066382 0.109446 0.066382 0.014812 0.014812 0.024421 0.014812 0.003305 0.001216 0.002005 0.001216 0.000271 0.000037 0.000061 0.000037 0.000008
0.030945 0.018769 0.004188 0.000344 0.138687 0.084118 0.018769 0.001541 0.228655 0.138687 0.030945 0.002540 0.138687 0.084118 0.018769 0.001541 0.030945 0.018769 0.004188 0.000344 0.002540 0.001541 0.000344 0.000028
0.014010 0.023099 0.014010 0.003126 0.062790 0.103523 0.062790 0.014010 0.103523 0.170681 0.103523 0.023099 0.062790 0.103523 0.062790 0.014010 0.014010 0.023099 0.014010 0.003126 0.001150 0.001896 0.001150 0.000257
0.014010 0.023099 0.014010 0.003126 0.062790 0.103523 0.062790 0.014010 0.103523 0.170681 0.103523 0.023099 0.062790 0.103523 0.062790 0.014010 0.014010 0.023099 0.014010 0.003126 0.001150 0.001896 0.001150 0.000257
0.000344 0.004188 0.018769 0.030945 0.001541 0.018769 0.084118 0.138687 0.002540 0.030945 0.138687 0.228655 0.001541 0.018769 0.084118 0.138687 0.000344 0.004188 0.018769 0.030945 0.000028 0.000344 0.001541 0.002540
0.000344 0.004188 0.018769 0.030945 0.001541 0.018769 0.084118 0.138687 0.002540 0.030945 0.138687 0.228655 0.001541 0.018769 0.084118 0.138687 0.000344 0.004188 0.018769 0.030945 0.000028 0.000344 0.001541 0.002540
0.030945 0.018769 0.004188 0.000344 0.138687 0.084118 0.018769 0.001541 0.228655 0.138687 0.030945 0.002540 0.138687 0.084118 0.018769 0.001541 0.030945 0.018769 0.004188 0.000344 0.002540 0.001541 0.000344 0.000028
0.002540 0.001541 0.000344 0.000028 0.030945 0.018769 0.004188 0.000344 0.138687 0.084118 0.018769 0.001541 0.228655 0.138687 0.030945 0.002540 0.138687 0.084118 0.018769 0.001541 0.030945 0.018769 0.004188 0.000344
0.002540 0.001541 0.000344 0.000028 0.030945 0.018769 0.004188 0.000344 0.138687 0.084118 0.018769 0.001541 0.228655 0.138687 0.030945 0.002540 0.138687 0.084118 0.018769 0.001541 0.030945 0.018769 0.004188 0.000344
0.000001 0.000001 0.000000 0.000000 0.000109 0.000066 0.000015 0.000001 0.003614 0.002192 0.000489 0.000040 0.044033 0.026707 0.005959 0.000489 0.197341 0.119693 0.026707 0.002192 0.325360 0.197341 0.044033 0.003614
0.000001 0.000001 0.000001 0.000000 0.000049 0.000081 0.000049 0.000011 0.001636 0.002698 0.001636 0.000365 0.019936 0.032868 0.019936 0.004448 0.089346 0.147306 0.089346 0.019936 0.147306 0.242867 0.147306 0.032868
0.000001 0.000001 0.000001 0.000000 0.000049 0.000081 0.000049 0.000011 0.001636 0.002698 0.001636 0.000365 0.019936 0.032868 0.019936 0.004448 0.089346 0.147306 0.089346 0.019936 0.147306 0.242867 0.147306 0.032868
0.000000 0.000000 0.000001 0.000001 0.000001 0.000015 0.000066 0.000109 0.000040 0.000489 0.002192 0.003614 0.000489 0.005959 0.026707 0.044033 0.002192 0.026707 0.119693 0.197341 0.003614 0.044033 0.197341 0.325360
0.000000 0.000000 0.000001 0.000001 0.000001 0.000015 0.000066 0.000109 0.000040 0.000489 0.002192 0.003614 0.000489 0.005959 0.026707 0.044033 0.002192 0.026707 0.119693 0.197341 0.003614 0.044033 0.197341 0.325360
0.000001 0.000001 0.000000 0.000000 0.000109 0.000066 0.000015 0.000001 0.003614 0.002192 0.000489 0.000040 0.044033 0.026707 0.005959 0.000489 0.197341 0.119693 0.026707 0.002192 0.325360 0.197341 0.044033 0.003614
0.000081 0.000049 0.000011 0.000001 0.002685 0.001629 0.000363 0.000030 0.032715 0.019843 0.004428 0.000363 0.146620 0.088930 0.019843 0.001629 0.241736 0.146620 0.032715 0.002685 0.146620 0.088930 0.019843 0.001629
0.000081 0.000049 0.000011 0.000001 0.002685 0.001629 0.000363 0.000030 0.032715 0.019843 0.004428 0.000363 0.146620 0.088930 0.019843 0.001629 0.241736 0.146620 0.032715 0.002685 0.146620 0.088930 0.019843 0.001629
0.147306 0.242867 0.147306 0.032868 0.089346 0.147306 0.089346 0.019936 0.019936 0.032868 0.019936 0.004448 0.001636 0.002698 0.001636 0.000365 0.000049 0.000081 0.000049 0.000011 0.000001 0.000001 0.000001 0.000000
0.003614 0.044033 0.197341 0.325360 0.002192 0.026707 0.119693 0.197341 0.000489 0.005959 0.026707 0.044033 0.000040 0.000489 0.002192 0.003614 0.000001 0.000015 0.000066 0.000109 0.000000 0.000000 0.000001 0.000001
0.032868 0.147306 0.242867 0.147306 0.019936 0.089346 0.147306 0.089346 0.004448 0.019936 0.032868 0.019936 0.000365 0.001636 0.002698 0.001636 0.000011 0.000049 0.000081 0.000049 0.000000 0.000001 0.000001 0.000001
0.003614 0.044033 0.197341 0.325360 0.002192 0.026707 0.119693 0.197341 0.000489 0.005959 0.026707 0.044033 0.000040 0.000489 0.002192 0.003614 0.000001 0.000015 0.000066 0.000109 0.000000 0.000000 0.000001 0.000001
0.147306 0.242867 0.147306 0.032868 0.089346 0.147306 0.089346 0.019936 0.019936 0.032868 0.019936 0.004448 0.001636 0.002698 0.001636 0.000365 0.000049 0.000081 0.000049 0.000011 0.000001 0.000001 0.000001 0.000000
0.146620 0.088930 0.019843 0.001629 0.241736 0.146620 0.032715 0.002685 0.146620 0.088930 0.019843 0.001629 0.032715 0.019843 0.004428 0.000363 0.002685 0.001629 0.000363 0.000030 0.000081 0.000049 0.000011 0.000001
0.066382 0.109446 0.066382 0.014812 0.109446 0.180445 0.109446 0.024421 0.066382 0.109446 0.066382 0.014812 0.014812 0.024421 0.014812 0.003305 0.001216 0.002005 0.001216 0.000271 0.000037 0.000061 0.000037 0.000008
0.066382 0.109446 0.066382 0.014812 0.109446 0.180445 0.109446 0.024421 0.066382 0.109446 0.066382 0.014812 0.014812 0.024421 0.014812 0.003305 0.001216 0.002005 0.001216 0.000271 0.000037 0.000061 0.000037 0.000008
0.001629 0.019843 0.088930 0.146620 0.002685 0.032715 0.146620 0.241736 0.001629 0.019843 0.088930 0.146620 0.000363 0.004428 0.019843 0.032715 0.000030 0.000363 0.001629 0.002685 0.000001 0.000011 0.000049 0.000081
0.001629 0.019843 0.088930 0.146620 0.002685 0.032715 0.146620 0.241736 0.001629 0.019843 0.088930 0.146620 0.000363 0.004428 0.019843 0.032715 0.000030 0.000363 0.001629 0.002685 0.000001 0.000011 0.000049 0.000081
0.146620 0.088930 0.019843 0.001629 0.241736 0.146620 0.032715 0.002685 0.146620 0.088930 0.019843 0.001629 0.032715 0.019843 0.004428 0.000363 0.002685 0.001629 0.000363 0.000030 0.000081 0.000049 0.000011 0.000001
0.030945 0.018769 0.004188 0.000344 0.138687 0.084118 0.018769 0.001541 0.228655 0.138687 0.030945 0.002540 0.138687 0.084118 0.018769 0.001541 0.030945 0.018769 0.004188 0.000344 0.002540 0.001541 0.000344 0.000028
0.030945 0.018769 0.004188 0.000344 0.138687 0.084118 0.018769 0.001541 0.228655 0.138687 0.030945 0.002540 0.138687 0.084118 0.018769 0.001541 0.030945 0.018769 0.004188 0.000344 0.002540 0.001541 0.000344 0.000028
0.000001 0.000001 0.000000 0.000000 0.000109 0.000066 0.000015 0.000001 0.003614 0.002192 0.000489 0.000040 0.044033 0.026707 0.005959 0.000489 0.197341 0.119693 0.026707 0.002192 0.325360 0.197341 0.044033 0.003614
0.000001 0.000001 0.000000 0.000000 0.000109 0.000066 0.000015 0.000001 0.003614 0.002192 0.000489 0.000040 0.044033 0.026707 0.005959 0.000489 0.197341 0.119693 0.026707 0.002192 0.325360 0.197341 0.044033 0.003614
0.325360 0.197341 0.044033 0.003614 0.197341 0.119693 0.026707 0.002192 0.044033 0.026707 0.005959 0.000489 0.003614 0.002192 0.000489 0.000040 0.000109 0.000066 0.000015 0.000001 0.000001 0.000001 0.000000 0.000000
0.147306 0.242867 0.147306 0.032868 0.089346 0.147306 0.089346 0.019936 0.019936 0.032868 0.019936 0.004448 0.001636 0.002698 0.001636 0.000365 0.000049 0.000081 0.000049 0.000011 0.000001 0.000001 0.000001 0.000000
0.147306 0.242867 0.147306 0.032868 0.089346 0.147306 0.089346 0.019936 0.019936 0.032868 0.019936 0.004448 0.001636 0.002698 0.001636 0.000365 0.000049 0.000081 0.000049 0.000011 0.000001 0.000001 0.000001 0.000000
0.003614 0.044033 0.197341 0.325360 0.002192 0.026707 0.119693 0.197341 0.000489 0.005959 0.026707 0.044033 0.000040 0.000489 0.002192 0.003614 0.000001 0.000015 0.000066 0.000109 0.000000 0.000000 0.000001 0.000001
0.003614 0.044033 0.197341 0.325360 0.002192 0.026707 0.119693 0.197341 0.000489 0.005959 0.026707 0.044033 0.000040 0.000489 0.002192 0.003614 0.000001 0.000015 0.000066 0.000109 0.000000 0.000000 0.000001 0.000001
0.325360 0.197341 0.044033 0.003614 0.197341 0.119693 0.026707 0.002192 0.044033 0.026707 0.005959 0.000489 0.003614 0.002192 0.000489 0.000040 0.000109 0.000066 0.000015 0.000001 0.000001 0.000001 0.000000 0.000000
0.146620 0.088930 0.019843 0.001629 0.241736 0.146620 0.032715 0.002685 0.146620 0.088930 0.019843 0.001629 0.032715 0.019843 0.004428 0.000363 0.002685 0.001629 0.000363 0.000030 0.000081 0.000049 0.000011 0.000001
0.146620 0.088930 0.019843 0.001629 0.241736 0.146620 0.032715 0.002685 0.146620 0.088930 0.019843 0.001629 0.032715 0.019843 0.004428 0.000363 0.002685 0.001629 0.000363 0.000030 0.000081 0.000049 0.000011 0.000001
0.325360 0.197341 0.044033 0.003614 0.197341 0.119693 0.026707 0.002192 0.044033 0.026707 0.005959 0.000489 0.003614 0.002192 0.000489 0.000040 0.000109 0.000066 0.000015 0.000001 0.000001 0.000001 0.000000 0.000000
0.325360 0.197341 0.044033 0.003614 0.197341 0.119693 0.026707 0.002192 0.044033 0.026707 0.005959 0.000489 0.003614 0.002192 0.000489 0.000040 0.000109 0.000066 0.000015 0.000001 0.000001 0.000001 0.000000 0.000000
